1090.4
3
21
4
5
7
9
53
61
64
543
544
15
17
26
14
22
23
24
37
5001
66004
66005
66006
66007
66008
66009
66010
66011
66012
66013
66014
66015
66016
66017
66018
66019
67004
67005
67006
67007
67008
67009
67010
67011
67012
67013
67014
67015
67016
67017
67018
67019
68001
68002
68003
68004
68005
68006
68007
68008
68009
68010
68011
68012
68013
68014
68015
68016
68017
68018
68019
202
1005
1006
1008
1009
1010
1011
1012
1013
1015
1017
1018
1019
265
0
272
302
537
538
539
540
324
561
570
571
500050792
500050791
2006
2012
270
1
10
500050781
500050771
500050751
8
51
500050741
44
47
18
535
315
500050732
500050731
500050721
532
273
500050672
500050671
553
19
500050663
500050662
500050661
80
82
83
84
85
86
40
500050653
500050652
500050651
500050641
27
31
94
500050632
500050631
66001
66002
66003
500050621
500050612
500050611
500050602
500050601
500050582
500050581
500050571
500050564
500050563
500050562
500050561
500050552
500050551
500050541
500050533
500050532
500050531
500050522
500050521
500050512
500050511
500050501
500050472
500050471
500050461
500050451
500050441
500050431
500050421
500050412
500050411
500050401
500050391
500050382
500050381
500050371
500050361
500050322
500050321
500050312
500050311
500050301
500050292
500050291
500050282
500050281
500050271
500050262
500050261
500050251
102
2011
568
101
501
504
505
500050231
204
262
263
261
103
104
105
106
500050212
500050211
500050182
500050181
500050171
500050161
500050151
500050132
500050131
500050122
500050121
500050101
500050082
2007
545
502
548
3001
203
207
218
223
224
225
233
237
241
243
246
247
250
252
253
286
337
389
312
260
288
348
268
301
318
281
289
297
266
251
381
376
254
325
346
352
500050081
287
295
298
267
291
388
258
384
277
514
330
255
256
257
259
271
500050071
275
276
517
522
293
294
500050061
509
512
515
530
528
222
264
221
205
282
523
524
525
526
527
531
201
311
533
534
536
500050051
500050041
500050032
500050031
208
316
542
317
320
322
500050021
326
332
335
336
341
345
349
359
361
365
367
373
375
379
380
382
546
549
560
500050012
563
500050011
500050000
1014
508
385
386
390
391
392
393
507
299
314
541
562
565
566
567
387
529
52
500050801
500050802
500050811
500050812
500050831
500050832
500050841
500050851
500050861
500050881
500050891
500050901
500050911
500050931
500050941
500050951
500050952
500050953
500050961
500050971
500051001
500051011
500051031
500051051
500051052
500051061
500051062
500051071
500051091
500051101
500051111
500051131
500051141
500051151
500051161
500051162
500051171
500051181
500051191
500051201
500051211
500051221
500051231
500051251
500051261
500051271
500051281
500060010
500060013
500060016
500070001
500070002
1100001011
2000001011
2100001011
1000001012
1100001012
2000001012
1000610121
1100610121
2000610121
1000001013
1100001013
2000001013
2100001013
1000001014
1100001014
2000001014
1000001015
1100001015
2000001015
1000001016
1100001016
2000001016
1000001017
1100001017
2000001017
2100001017
1000001018
1100001018
2000001018
1000001019
1100001019
2000001019
2100001019
1000100110
1100100110
2000100110
1000100111
1100100111
2000100111
2100100111
1000100112
1100100112
2000100112
2100100112
1000100114
1100100114
2000100114
1061001141
1161001141
2061001141
1061001142
1161001142
2061001142
1100001021
2000001021
1000001022
1100001022
2000001022
1000001023
1100001023
2000001023
1000001024
1100001024
2000001024
2100001024
1000001025
1100001025
2000001025
1000001026
1100001026
2000001026
2100001026
1000610261
1100610261
2000610261
2100610261
1000001027
1100001027
2000001027
2100001027
1000001028
1100001028
2000001028
2100001028
1000001029
1100001029
2000001029
2000001031
1000001032
2000001032
1000001033
2000001033
1000001034
1100001034
2000001034
1000001035
2000001035
1000001036
1100001036
2000001036
1000001037
1100001037
2000001037
2100001037
1000001038
2000001038
1000001039
1100001039
2000001039
2100001039
1000610391
1100610391
2000610391
2100610391
1100001041
2000001041
1000001042
1100001042
2000001042
1000001043
1100001043
2000001043
2100001043
1000001044
1100001044
2000001044
1000610441
1100610441
2000610441
1000001045
1100001045
2000001045
1000001046
1100001046
2000001046
2100001046
1000001047
1100001047
2000001047
2100001047
1100001051
2000001051
1000001052
1100001052
2000001052
1000001053
1100001053
2000001053
1000001054
1100001054
2000001054
1000001055
1100001055
2000001055
1000001056
1100001056
2000001056
1000001057
1100001057
2000001057
1000001058
1100001058
2000001058
1000001059
1100001059
2000001059
2100001059
1000100510
1100100510
2000100510
2100100510
1000100511
1100100511
2000100511
2100100511
2000001061
1000001062
2000001062
1000001063
1100001063
2000001063
1000610631
1100610631
2000610631
1000001064
1100001064
2000001064
1000001065
1100001065
2000001066
1000001067
1100001067
2000001067
1000001068
1100001068
2000001068
2100001068
1000001069
1100001069
2000001069
2000001071
2100001071
1000001072
2000001072
1000001073
1100001073
2000001073
1000001074
1100001074
2000001074
1000001075
1100001075
2000001075
1000610751
1100610751
2000610751
1000001076
1100001076
2000001076
2100001076
1000001077
1100001077
2000001077
1000001078
2000001078
1000001079
1100001079
2000001079
1000100710
1100100710
2000100710
1000100711
1100100711
2000100711
2100100711
2000100712
2100100712
1100001081
2000001081
1000001082
1100001082
2000001082
1000001083
1100001083
2000001083
2100001083
1000001084
1100001084
2000001084
1000001085
1100001085
2000001085
1000610851
1100610851
2000610851
1000610852
1100610852
2000610852
1000001086
1100001086
2000001086
1000001087
1100001087
2000001087
1000001088
1100001088
2000001088
2100001088
1000001089
1100001089
2000001089
1000100810
2000100810
1000100811
2000100811
1000100812
2000100812
1100001091
2000001091
2100001091
1000001092
1100001092
2000001092
1000001093
1100001093
2000001093
1000610931
1100610931
2000610931
1000001094
1100001094
2000001094
1000001095
1100001095
2000001095
1000001096
1100001096
2000001096
1000001097
1100001097
2000001097
1000001098
1100001098
2000001098
2100001098
1000001099
1100001099
2000001099
2100001099
1000100910
1100100910
2000100910
1100001101
2000001101
1000001102
1100001102
2000001102
1000001103
1100001103
2000001103
1000001104
1100001104
2000001104
1000001105
1100001105
2000001105
2100001105
1000611051
1100611051
2000611051
2100611051
1000001106
1100001106
2000001106
1000001107
1100001107
2000001107
1000001108
1100001108
2000001108
1000001109
1100001109
2000001109
2100001109
1000101010
1100101010
2000101010
2100101010
1000101011
1000101099
1100101099
1100001111
2000001111
1000001112
1100001112
2000001112
1000001113
1100001113
2000001113
1000001114
1100001114
2000001114
1000001115
1100001115
2000001115
1000001116
1100001116
2000001116
2100001116
1100001121
2000001121
2100001121
1000001122
1100001122
2000001122
2100001122
1000001123
1100001123
2000001123
1000611231
1100611231
2000611231
1000001124
1100001124
2000001124
1000001125
1100001125
2000001125
1000001126
1100001126
2000001126
1000001127
1100001127
2000001127
1000611271
1100611271
2000611271
1000001128
1100001128
2000001128
2100001128
1000001129
1100001129
2000001129
2100001129
1000101210
2000101210
1000101211
2000101211
2100101211
1100001131
2000001131
1000001132
1100001132
2000001132
1000001133
1100001133
2000001133
2100001133
1000001134
1100001134
2000001134
1000001135
1100001135
2000001135
1000611351
1100611351
2000611351
1000001136
1100001136
2000001136
1000001137
1100001137
2000001137
2100001137
1000001138
1100001138
2000001138
1000001139
1100001139
2000001139
2100001139
1000101310
1100101310
2000101310
2100101310
1000101311
1100101311
2000101311
1000101312
1100101312
2000101312
1100001141
2000001141
1000001142
1100001142
2000001142
1000001143
1100001143
2000001143
1000001144
1100001144
2000001144
1000001145
1100001145
2000001145
1000001146
1100001146
2000001146
1000001147
1100001147
2000001147
2100001147
1000001148
1100001148
2000001148
2100001148
1000001149
1100001149
2000001149
2100001149
1100001151
2000001151
1000001152
1100001152
2000001152
1000001153
1100001153
2000001153
2100001153
1000001154
1100001154
2000001154
2100001154
1000001155
1100001155
2000001155
1000611551
1100611551
2000611551
1000001156
1100001156
2000001156
2100001156
1000001157
1100001157
2000001157
2100001157
1000001158
1100001158
2000001158
2100001158
2000001161
2100001161
1000001162
1100001162
2000001162
1000611621
2000611621
1000611622
2000611622
1000001163
1100001163
2000001163
1000001164
1100001164
2000001164
1000001165
1100001165
2000001165
1000001166
1100001166
2000001166
2100001166
1000001167
1100001167
2000001167
2100001167
1000001168
2000001168
1000001169
1100001169
2000001169
2100001169
1000101610
1100101610
2000101610
1000101611
1100101611
2000101611
2100101611
1000101612
1100101612
2000101612
2100101612
1100001171
2000001171
1100001172
2000001172
1100001173
2000001173
1100001174
2000001174
2100001174
1100001175
2000001175
1100001176
2000001176
1100001177
1100001178
2000001178
2100001178
1100001179
2000001179
1000101710
1100101710
2000101710
1000101711
1100101711
2000101711
2100101711
1000101712
1100101712
2000101712
2100101712
1000101713
1100101713
1000101714
2000001181
2100001181
1000001182
2000001182
2100001182
1000001183
1100001183
2000001183
1000001184
1100001184
2000001184
2100001184
1000001185
2000001185
1000001186
2000001186
1000001187
1100001187
2000001187
1000001188
1100001188
2000001188
1000001189
1100001189
2000001189
1000101810
1100101810
2000101810
2100101810
1061018101
1161018101
2061018101
2161018101
1061018102
1161018102
2061018102
2161018102
1000101811
1100101811
2000101811
1100001191
2000001191
1000001192
1100001192
2000001192
1000001193
1100001193
2000001193
1000001194
1100001194
2000001194
1000611941
1100611941
2000611941
1000001195
1100001195
2000001195
2100001195
1000001196
1100001196
2000001196
2100001196
1000001197
1100001197
2000001197
1100001201
2000001201
2100001201
1000001202
1100001202
2000001202
2100001202
1000001203
1100001203
2000001203
2100001203
1000612031
1100612031
2000612031
2100612031
1000001204
1100001204
2000001204
1000001205
1100001205
2000001205
1000001206
1100001206
2000001206
2100001206
1000001207
1100001207
2000001207
1000001208
1100001208
2000001208
1000001209
1000102010
1100102010
1100001211
2000001211
2100001211
1000001212
1100001212
2000001212
1000001213
1100001213
2000001213
1000612131
1100612131
2000612131
1000001214
1100001214
2000001214
2100001214
1000612141
1100612141
2000612141
2100612141
1000001215
1100001215
2000001215
1000001216
1100001216
2000001216
1000001217
1100001217
2000001217
1000001218
1100001218
2000001218
1000001219
1100001219
2000001219
2100001219
1000102110
1100102110
2000102110
1000102111
1100102111
2000102111
1100001221
2000001221
1000001222
1100001222
2000001222
1000001223
1100001223
2000001223
1000001224
1100001224
2000001224
1000001225
1100001225
2000001225
2100001225
1000001226
1100001226
2000001226
2100001226
1000612261
1100612261
2000612261
2100612261
1000001227
1100001227
2000001227
2100001227
1000001228
1100001228
2000001228
2100001228
1000001229
1100001229
2000001229
1000102210
1100102210
2000102210
1000102211
1100102211
1100001231
2000001231
2100001231
1000001232
1100001232
2000001232
2100001232
1000001233
1100001233
2000001233
2100001233
1000001234
1100001234
2000001234
2100001234
1000001235
1100001235
2000001235
1000001236
1100001236
2000001236
1000001237
1100001237
2000001237
2100001237
1000001238
1100001238
2000001238
1000612381
1100612381
2000612381
1000612382
1100612382
2000612382
1100001241
2000001241
2100001241
1000001242
1100001242
2000001242
1000001243
1100001243
2000001243
1000001244
1100001244
2000001244
1000612441
1100612441
2000612441
1000001245
1100001245
2000001245
1000612451
1100612451
2000612451
1000001246
1100001246
2000001246
1000001247
1100001247
2000001247
1000001248
1100001248
2000001248
2100001248
1000001249
1100001249
2000001249
1100001251
2000001251
2100001251
1000001252
1100001252
2000001252
1000001253
1100001253
2000001253
1000612531
1100612531
2000612531
1000001254
1100001254
2000001254
2100001254
1000612541
1100612541
2000612541
2100612541
1000612542
1100612542
2000612542
2100612542
1000001255
1100001255
2000001255
1000001256
1100001256
2000001256
1000001257
1100001257
2000001257
1000001258
1100001258
2000001258
2100001258
1000001259
1100001259
2000001259
2100001259
1000102510
1100102510
2000102510
2100102510
1000013025
2000013025
2100013025
1000102511
1100001261
2000001261
1000001262
1100001262
2000001262
1000001263
1100001263
2000001263
1000001264
1100001264
2000001264
1000612641
1100612641
2000612641
1000001265
1100001265
2000001265
2100001265
1000612651
1100612651
2000612651
2100612651
1000001266
1100001266
2000001266
1000001267
1100001267
2000001267
1000001268
1100001268
2000001268
2100001268
1000001269
1100001269
2000001269
1000102610
1100102610
2000102610
2100102610
1000102611
1100102611
2000102611
2100102611
1000102612
1100102612
2000102612
2100102612
1100001271
2000001271
2100001271
1000001272
1100001272
2000001272
2100001272
1000001273
1100001273
2000001273
1000001274
1100001274
2000001274
1000612741
1100612741
2000612741
1000001275
1100001275
2000001275
1000001276
1100001276
2000001276
2100001276
1000001277
1100001277
2000001277
1000001278
1100001278
2000001278
2100001278
1100001281
2000001281
1000001282
1100001282
2000001282
2100001282
1000001283
1100001283
2000001283
1000001284
1100001284
2000001284
1000001285
1100001285
2000001285
1000001286
1100001286
2000001286
1000001287
1100001287
2000001287
2100001287
1000612871
1100612871
2000612871
2100612871
1000001288
1100001288
2000001288
1000001289
1100001289
2000001289
1100001291
2000001291
2100001291
1000001292
1100001292
2000001292
1000001293
1100001293
2000001293
1000612931
1100612931
2000612931
1000001294
1100001294
2000001294
1000001295
1100001295
2000001295
2100001295
1000001296
1100001296
2000001296
1000001297
1100001297
2000001297
2100001297
1000001298
1100001298
2000001298
2100001298
1000001299
1100001299
2000001299
2100001299
1000102910
1100102910
2000102910
1000102911
1100102911
2000102911
1100001301
2000001301
2100001301
1000001302
1100001302
2000001302
2100001302
1000001303
1100001303
2000001303
2100001303
1000613031
1100613031
2000613031
2100613031
1000001304
1100001304
2000001304
1000001305
1100001305
2000001305
1000001306
1100001306
2000001306
2100001306
1000001307
1100001307
2000001307
2100001307
1000001308
1100001308
2000001308
2100001308
1100001311
2000001311
2100001311
1000001312
1100001312
2000001312
2100001312
1000001313
1100001313
2000001313
1000001314
1100001314
2000001314
1000001315
1100001315
2000001315
1000613151
1100613151
2000613151
1000001316
1100001316
2000001316
2100001316
1000001317
1100001317
2000001317
1000001318
1100001318
2000001318
1000001319
1100001319
2000001319
2100001319
1000103110
1100103110
2000103110
2100103110
1061031101
1161031101
2061031101
2161031101
1000103111
1100103111
2000103111
1000103112
1100103112
1100001321
2000001321
2100001321
1000001322
1100001322
2000001322
1000001323
1100001323
2000001323
2100001323
1000001324
1100001324
2000001324
2100001324
1000613241
1100613241
2000613241
2100613241
1000001325
1100001325
2000001325
2100001325
1000001326
1100001326
2000001326
1000613261
1100613261
2000613261
1000001327
1100001327
2000001327
2100001327
1000001328
1100001328
2000001328
2100001328
1000001329
1100001329
2000001329
1000013032
2000013032
2100013032
1000013033
2000013033
2100013033
1100001331
2000001331
1000001332
1100001332
2000001332
1000001333
1100001333
2000001333
1000613331
1100613331
2000613331
1000001334
1100001334
2000001334
1000001335
1100001335
2000001335
1000001336
1100001336
2000001336
1000001337
1100001337
2000001337
1000001338
1100001338
2000001338
2100001338
1000001339
1100001339
2000001339
2100001339
1100001341
2000001341
1000001342
1100001342
2000001342
1000001343
1100001343
2000001343
2100001343
1000001344
1100001344
2000001344
1000001345
1100001345
2000001345
1000613451
1100613451
2000613451
1000001346
1100001346
1000001347
1100001347
2000001347
2100001347
1000001348
1100001348
2000001348
2100001348
1000001349
1100001349
2000001349
1000613481
1100613481
2000613481
2100613481
1100001351
2000001351
1000001352
1100001352
2000001352
1000001353
1100001353
2000001353
1000001354
1100001354
2000001354
1000001355
1100001355
2000001355
2100001355
1000001356
1100001356
2000001356
1000613561
1100613561
2000613561
1100001361
2000001361
2100001361
1000001362
1100001362
2000001362
2100001362
1000001363
1100001363
2000001363
1000001364
1100001364
2000001364
1000001365
1100001365
2000001365
2100001365
1000001366
1100001366
2000001366
1000001367
1100001367
2000001367
2100001367
1100001371
2000001371
2100001371
1000001372
1100001372
2000001372
2100001372
1000001373
1100001373
2000001373
1000613731
1100613731
2000613731
1000001374
1100001374
2000001374
1000001375
1100001375
2000001375
1000001376
1100001376
2000001376
2100001376
1000001377
1100001377
2000001377
1000001378
1100001381
2000001381
2100001381
1000001382
1100001382
2000001382
2100001382
1000001383
1100001383
2000001383
2100001383
1000001384
1100001384
2000001384
2100001384
1000001385
1100001385
2000001385
2100001385
1000001386
1100001386
2000001386
2100001386
1000001387
1100001387
2000001387
2100001387
1000001388
1100001388
1100001391
2000001391
2100001391
1000001392
1100001392
2000001392
1000001393
1100001393
2000001393
1000001394
1100001394
2000001394
2100001394
1000001395
1100001395
2000001395
2100001395
1000613951
1100613951
2000613951
2100613951
1000001396
1100001396
2000001396
1000001397
1100001397
2000001397
2100001397
1000001398
1100001398
2000001398
2100001398
1000001399
1100001399
2000001399
2100001399
1000103910
1100001401
2000001401
1000001402
1100001402
2000001402
1000001403
1100001403
2000001403
1000001404
1100001404
2000001404
1000001405
1100001405
2000001405
2100001405
1000614051
1100614051
2000614051
2100614051
1000001406
1100001406
2000001406
2100001406
1000001407
1100001407
2000001407
1000001408
1100001408
2000001408
1000001409
1100001409
2000001409
1000104010
1100104010
2000104010
2100104010
1000104011
1100104011
2000104011
2100104011
1100001411
2000001411
1000001412
1100001412
2000001412
1000001413
1100001413
2000001413
1000614131
1100614131
2000614131
1000001414
1100001414
2000001414
1000001415
1100001415
2000001415
1000001416
1100001416
2000001416
1000001417
1100001417
2000001417
2100001417
1000001418
1100001418
2000001418
2100001418
1000614181
1100614181
2000614181
2100614181
1000614182
1100614182
2000614182
2100614182
1100001421
2000001421
1000001422
1100001422
2000001422
1000001423
1100001423
2000001423
1000001424
1100001424
2000001424
1000614241
1100614241
2000614241
1000001425
1100001425
2000001425
2100001425
1000001426
1100001426
2000001426
2100001426
1000001427
1100001427
2000001427
1000001428
1100001428
2000001428
2100001428
1000001429
1100001429
2000001429
2100001429
1100001431
2000001431
1000001432
1100001432
2000001432
1000001433
1100001433
2000001433
2100001433
1000614331
1100614331
2000614331
2100614331
1000001434
1100001434
2000001434
2100001434
1000001435
1100001435
2000001435
2100001435
1000001436
1100001436
2000001436
1000001437
1100001437
2000001437
1000001438
1100001438
2000001438
1000614381
1100614381
2000614381
1000614382
1100614382
2000614382
1100001441
2000001441
1000001442
1100001442
2000001442
1000001443
1100001443
2000001443
1000614431
1100614431
2000614431
1000001444
1100001444
2000001444
2100001444
1000001445
1100001445
2000001445
2100001445
1000001446
1100001446
2000001446
1000001447
1100001447
2000001447
2100001447
1000001448
1100001448
2000001448
2100001448
1100001451
2000001451
1000001452
1100001452
2000001452
1000001453
1100001453
2000001453
1000001454
1100001454
2000001454
1000614541
1100614541
2000614541
1000001455
1100001455
2000001455
1000001456
1100001456
2000001456
1000001457
1100001457
2000001457
2100001457
1000001458
1100001458
1100001461
2000001461
2100001461
1000001462
1100001462
2000001462
2100001462
1000001463
1100001463
2000001463
2100001463
1000001464
1100001464
2000001464
1000001465
1100001465
2000001465
1000614651
1100614651
2000614651
1000001466
1100001466
2000001466
2100001466
1000001467
1100001467
2000001467
2100001467
1000001468
1100001468
2000001468
2100001468
1000001469
1100001469
2000001469
2100001469
1000614691
1100614691
2000614691
2100614691
1000614692
1100614692
2000614692
2100614692
1000104610
1100104610
1100001471
2000001471
1000001472
1100001472
2000001472
1000001473
1100001473
2000001473
2100001473
1000001474
1100001474
2000001474
1000001475
1100001475
2000001475
1000001476
1100001476
2000001476
2100001476
1100001477
1000001478
1100001478
2000001478
1000001479
1100001479
2000001479
1000104710
1100104710
2000104710
2100104710
1000104711
1100104711
2000104711
2100104711
1000104712
1100104712
2000104712
2100104712
1000104713
1100104713
1100001481
2000001481
2100001481
1000001482
1100001482
2000001482
1000001483
1100001483
2000001483
1000614831
1100614831
2000614831
1000001484
1100001484
2000001484
1000001485
1100001485
2000001485
1000001486
1100001486
2000001486
2100001486
1100001491
2000001491
1000001492
1100001492
2000001492
2100001492
1000001493
1100001493
2000001493
2100001493
1000614931
1100614931
2000614931
2100614931
1000001494
1100001494
2000001494
2100001494
1000001495
1100001495
2000001495
1000001496
1100001496
2000001496
2100001496
1000001497
1100001497
1100001501
2000001501
1000001502
1100001502
2000001502
1000001503
1100001503
2000001503
1000001504
1100001504
2000001504
2100001504
1000001505
1100001505
2000001505
1000615051
1100615051
2000615051
1000001506
1100001506
2000001506
1000615061
1100615061
2000615061
1000615062
1100615062
2000615062
1100001511
2000001511
2100001511
1000001512
1100001512
2000001512
2100001512
1000001513
1100001513
2000001513
1000001514
1100001514
2000001514
1000615141
1100615141
2000615141
1000001515
1100001515
2000001515
2100001515
1000001516
1100001516
2000001516
2100001516
1000615161
1100615161
2000615161
2100615161
1000001517
1100001517
2000001517
1000001518
1100001518
2000001518
1100001521
2000001521
1000001522
1100001522
2000001522
1000001523
1100001523
2000001523
2100001523
1000001524
1100001524
2000001524
1000001525
1100001525
2000001525
1000001526
1100001526
2000001526
1000001527
1100001527
2000001527
1000001528
1100001528
2000001528
1000001529
1100001529
2000001529
2100001529
1000105210
1100105210
2000105210
2100105210
1000105211
1100105211
2000105211
1100001531
2000001531
2100001531
1000001532
1100001532
2000001532
2100001532
1000001533
1100001533
2000001533
1000001534
1100001534
2000001534
1000615341
1100615341
2000615341
1000001535
1100001535
2000001535
2100001535
1000001536
1100001536
2000001536
2100001536
1000615361
1100615361
2000615361
2100615361
1000001537
1100001537
2000001537
1000001538
1100001538
2000001538
1000001539
1100001539
2000001539
1000105310
1100105310
2000105310
2100105310
1000105311
1100105311
2000105311
1000105312
1100105312
2000105312
1000105313
1100105313
2000105313
1061053131
1161053131
2061053131
1100001541
2000001541
1000001542
1100001542
2000001542
1000001543
1100001543
2000001543
1000001544
1100001544
2000001544
1000001545
1100001545
2000001545
1000615451
1100615451
2000615451
1000001546
1100001546
2000001546
1000001547
1100001547
2000001547
1000001548
1100001548
2000001548
2100001548
1000001549
1100001549
2000001549
2100001549
1000105410
1100105410
2000105410
1061054101
1161054101
2061054101
1100001551
2000001551
1000001552
1100001552
2000001552
1000001553
1100001553
2000001553
1000001554
1100001554
2000001554
2100001554
1000001555
1100001555
2000001555
2100001555
1000615551
1100615551
2000615551
2100615551
1000001556
1100001556
2000001556
1000001557
1100001557
2000001557
1000001558
1100001558
2000001558
2100001558
1000001559
1100001559
2000001559
2100001559
1000105510
1100105510
2000105510
2100105510
1000105511
1100105511
2000105511
2100105511
1100001561
2000001561
2100001561
1000001562
1100001562
2000001562
1000001563
1100001563
2000001563
1000615631
1100615631
2000615631
1000001564
1100001564
2000001564
1000001565
1100001565
2000001565
2100001565
1000615651
1100615651
2000615651
2100615651
1000001566
1100001566
2000001566
2100001566
1000001567
1100001567
2000001567
1000001568
1100001568
2000001568
1000001569
1100001569
2000001569
2100001569
1000105610
1100105610
2000105610
1000105611
1100105611
2000105611
2100105611
1000105612
1100105612
1000105613
1100105613
2000105613
1061056131
1161056131
2061056131
1061056132
1161056132
2061056132
1000105614
1100105614
2000105614
1000101562
1100101562
2000101562
1100001571
2000001571
1000001572
1100001572
2000001572
1000001573
1100001573
2000001573
1000615731
1100615731
2000615731
1000001574
1100001574
2000001574
1000001575
1100001575
2000001575
1000001576
1100001576
2000001576
1000001577
1100001577
2000001577
1000001578
1100001578
2000001578
2100001578
1000001579
1100001579
2000001579
2100001579
1000105710
1100105710
2000105710
1000105711
1100105711
2000105711
1000105712
1100105712
1100001581
2000001581
1000001582
1100001582
2000001582
1000001583
1100001583
2000001583
2100001583
1000001584
1100001584
2000001584
2100001584
1000001585
1100001585
2000001585
2100001585
1000001586
1100001586
2000001586
1000001587
1100001587
2000001587
2100001587
1000001588
1100001588
2000001588
1000615881
1100615881
2000615881
1000615882
1100615882
2000615882
1100001591
2000001591
1000001589
2000001589
1000001592
1100001592
2000001592
1000001593
1100001593
2000001593
1000001594
1100001594
2000001594
1000001595
1100001595
2000001595
1000615951
1100615951
2000615951
1000001596
1100001596
2000001596
2100001596
1000001597
1100001597
2000001597
2100001597
1100001601
2000001601
2100001601
1000001602
1100001602
2000001602
2100001602
1000001603
1100001603
2000001603
1000616031
1100616031
2000616031
1000001604
1100001604
2000001604
2100001604
1000001605
1100001605
2000001605
1000001606
1100001606
2000001606
1000001607
1100001607
2000001607
1000001608
1100001608
2000001608
1000001609
1100001609
2000001609
2100001609
1000106010
1100106010
2000106010
2100106010
1000106011
1100106011
2000106011
1061060111
1161060111
2061060111
1061060112
1161060112
2061060112
1100001611
2000001611
2100001611
1000001612
1100001612
2000001612
2100001612
1000001613
1100001613
2000001613
2100001613
1000616131
1100616131
2000616131
2100616131
1000001614
1100001614
2000001614
1000001615
1100001615
2000001615
1000001616
1100001616
2000001616
2100001616
1000001617
1100001617
2000001617
1000001618
1100001618
2000001618
2100001618
1000001619
1100001619
2000001619
2100001619
1000106110
1100106110
2000106110
2100106110
1000106111
1100106111
2000106111
1000024061
1100024061
2000024061
2100024061
1100001621
2000001621
2100001621
1000001622
1100001622
2000001622
2100001622
1000001623
1100001623
2000001623
2100001623
1000001624
1100001624
2000001624
1000616241
1100616241
2000616241
1000001625
1100001625
2000001625
1000001626
1100001626
2000001626
1000001627
1100001627
2000001627
2100001627
1100001631
2000001631
1000001632
1100001632
2000001632
1000001633
1100001633
2000001633
2100001633
1000001634
1100001634
2000001634
2100001634
1000001635
1100001635
2000001635
1000001636
1100001636
2000001636
1000001637
1100001637
2000001637
2100001637
1000001638
1100001638
2000001638
1000001639
1100001639
2000001639
1000106310
1100106310
2000106310
1000106311
1100106311
2000106311
1100001641
2000001641
1000001642
1100001642
2000001642
1000001643
1100001643
2000001643
1000616431
1100616431
2000616431
1000001644
1100001644
2000001644
2100001644
1000001645
1100001645
2000001645
1000001646
1100001646
2000001646
1000001647
1100001647
2000001647
2100001647
1000001648
1100001648
2000001648
2100001648
1000001649
1100001649
2000001649
1000106410
1100106410
1100001651
2000001651
1000001652
1100001652
2000001652
1000001653
1100001653
2000001653
1000001654
1100001654
2000001654
2100001654
1000001655
1100001655
2000001655
1000616551
1100616551
2000616551
1000001656
1100001656
2000001656
2100001656
1000001657
1100001657
2000001657
1000616571
1100616571
2000616571
1000001658
1100001658
2000001658
1000001659
1100001659
2000001659
2100001659
1000106510
1100106510
2000106510
2100106510
1000106511
1100106511
2000106511
2100106511
1061065111
1161065111
2061065111
2161065111
1000106512
1100106512
2000106512
1100001661
2000001661
1000001662
1100001662
2000001662
1000001663
1100001663
2000001663
2100001663
1000001664
1100001664
2000001664
2100001664
1000001665
1100001665
2000001665
2100001665
1000001666
1100001666
2000001666
2100001666
1000001667
1100001667
2000001667
2100001667
1000001668
1100001668
2000001668
1000001669
1100001669
2000001669
1100001671
2000001671
1000001672
1100001672
2000001672
1000001673
1100001673
2000001673
1000001674
1100001674
2000001674
2100001674
1000001675
1100001675
2000001675
2100001675
1000001676
1100001676
2000001676
2100001676
1000001677
1100001677
2000001677
2100001677
1000001678
1100001678
2000001678
2100001678
1000001679
1100001679
2000001679
1100001681
2000001681
1000001682
1100001682
2000001682
1000001683
1100001683
2000001683
2100001683
1000616831
1100616831
2000616831
2100616831
1000001684
1100001684
2000001684
1000001685
1100001685
2000001685
2100001685
1000001686
1100001686
2000001686
1000001687
1100001687
2000001687
2100001687
1000001688
1100001688
2000001688
1000001689
1100001689
2000001689
2100001689
1000106810
1100106810
2000106810
2100106810
1100001691
2000001691
2100001691
1000001692
1100001692
2000001692
2100001692
1000001693
1100001693
2000001693
1000001694
1100001694
2000001694
1000616941
1100616941
2000616941
1000001695
1100001695
2000001695
1000001696
1100001696
1100001701
2000001701
1000001702
1100001702
2000001702
1000001703
1100001703
2000001703
1000001704
1100001704
2000001704
1000617041
1100617041
2000617041
1000001705
1100001705
2000001705
1000001706
1100001706
2000001706
1100001711
2000001711
2100001711
1000001712
1100001712
2000001712
2100001712
1000001713
1100001713
2000001713
1000001714
1100001714
2000001714
1000001715
1100001715
2000001715
1000617151
1100617151
2000617151
1000001716
1100001716
2000001716
1000001717
1100001717
2000001717
2100001717
1000001718
1100001718
2000001718
2100001718
1000001719
1100001719
2000001719
1100001721
2000001721
1000001722
1100001722
2000001722
1000001723
1100001723
2000001723
1000617231
1100617231
2000617231
1000001724
1100001724
2000001724
1000001725
1100001725
2000001725
2100001725
1000001726
1100001726
2000001726
2100001726
1000617261
1100617261
2000617261
2100617261
1000001727
2000001727
1100001731
2000001731
1000001732
1100001732
2000001732
1000001733
1100001733
2000001733
1000617331
1100617331
2000617331
1000001734
1100001734
2000001734
1000001735
1100001735
2000001735
1000001736
1100001736
2000001736
1000001737
1100001737
2000001737
2100001737
1000001738
1100001738
2000001738
2100001738
1000001739
1100001739
2000001739
2100001739
1000107310
2000107310
2100107310
1100001741
2000001741
2100001741
1000001742
1100001742
2000001742
2100001742
1000001743
1100001743
2000001743
1000001744
1100001744
1000001745
1100001745
2000001745
2100001745
1000617451
1100617451
2000617451
2100617451
1000001746
1100001746
2000001746
2100001746
1000001747
1100001747
2000001747
1100001751
2000001751
2100001751
1000001752
1100001752
2000001752
1000001753
1100001753
2000001753
1000617531
1100617531
2000617531
1000001754
1000001755
1100001755
2000001755
2100001755
1000001756
1100001756
2000001756
1000001757
1100001757
2000001757
1000617571
1100617571
2000617571
1000617572
1100617572
2000617572
1100001761
2000001761
2100001761
1000001762
1100001762
2000001762
2100001762
1000001763
1100001763
2000001763
2100001763
1000001764
1100001764
2000001764
2100001764
1000001765
1100001765
2000001765
1000001766
1100001766
2000001766
1000617661
1100617661
2000617661
1100001771
2000001771
2100001771
1000001772
1100001772
2000001772
1000001773
1100001773
2000001773
2100001773
1000001774
1100001774
2000001774
2100001774
1000001775
2000001775
1000001776
1100001776
2000001776
1000001777
1100001777
2000001777
2100001777
1000001778
1100001778
2000001778
2100001778
1100001781
2000001781
1000001782
1100001782
2000001782
1000001783
1100001783
2000001783
1000001784
1100001784
2000001784
1000617841
1100617841
2000617841
1000001785
1100001785
2000001785
2100001785
1000001786
1100001786
2000001786
1000001787
1100001787
2000001787
2100001787
1000001788
1100001788
2000001788
2100001788
1100001791
2000001791
2100001791
1000001792
1100001792
2000001792
2100001792
1000001793
1100001793
2000001793
2100001793
1000617931
1100617931
2000617931
2100617931
1000001794
1100001794
2000001794
1000001795
1100001795
2000001795
1000001796
1100001796
2000001796
1000001797
1100001797
2000001797
1000001798
1100001798
2000001798
2100001798
1000001799
1100001799
2000001799
1000107910
1100107910
2000107910
1000107911
1100107911
2000107911
2100107911
1100001801
2000001801
1000001802
1100001802
2000001802
1000001803
1100001803
2000001803
1000001804
1100001804
2000001804
1000001805
1100001805
2000001805
2100001805
1000618051
1100618051
2000618051
2100618051
1000001806
1100001806
2000001806
1000001807
1100001807
2000001807
2100001807
1000001808
1100001808
2000001808
2100001808
1000001809
1100001809
2000001809
2100001809
1000108010
1100108010
2000108010
2100108010
1000108011
1100108011
2000108011
1000108012
1100108012
2000108012
1100001811
2000001811
1000001812
1100001812
2000001812
1000001813
1100001813
2000001813
1000001814
1100001814
2000001814
1000618141
1100618141
2000618141
1000001815
1100001815
2000001815
1000001816
1100001816
2000001816
1000001817
1100001817
2000001817
2100001817
1000001818
1100001818
2000001818
2100001818
1000001819
1100001819
2000001819
1000618191
1100618191
2000618191
1100001821
2000001821
1000001822
1100001822
2000001822
1000001823
1100001823
2000001823
1000618231
1100618231
2000618231
1000001824
1100001824
2000001824
1000001825
1100001825
2000001825
1000001826
1100001826
2000001826
2100001826
1000001827
1100001827
2000001827
1100001831
2000001831
2100001831
1000001832
1100001832
2000001832
2100001832
1000001833
1100001833
2000001833
1000001834
1100001834
2000001834
1000001835
1100001835
2000001835
1000001836
1100001836
2000001836
2100001836
1000001837
1100001837
2000001837
2100001837
1000001838
1100001841
2000001841
2100001841
1100001842
2000001842
2100001842
1100001843
2000001843
1100001844
1100001845
2000001845
2100001845
1000001846
1100001846
2000001846
2100001846
1000001847
1100001847
2000001847
2100001847
1000001848
1100001848
2000001848
2100001848
1000001849
1100001849
2000001849
2000108410
1000108411
1100001851
2000001851
1000001852
1100001852
2000001852
1000001853
1100001853
2000001853
1000001854
1100001854
2000001854
2100001854
1000001855
2000001855
1000001856
1100001856
2000001856
2100001856
1000001857
1100001857
2000001857
2100001857
1000001858
1100001858
2000001858
2100001858
2000013085
1100001861
2000001861
1000001862
1100001862
2000001862
1000001863
1100001863
2000001863
1000618631
1100618631
2000618631
1000001864
1100001864
2000001864
2100001864
1000001865
1100001865
2000001865
2100001865
1000001866
1100001866
2000001866
2100001866
1000001867
1100001867
2000001867
2100001867
1000618672
1100618672
2000618672
2100618672
1000618671
1100618671
2000618671
2100618671
1000001868
2000001868
1100001871
2000001871
2100001871
1000001872
1100001872
2000001872
2100001872
1000001873
1100001873
2000001873
1000618731
1100618731
2000618731
1000001874
1100001874
2000001874
1000001875
1100001875
2000001875
2100001875
2320101710
2320001189
2320001298
2320001559
2320105311
2320106110
2320101712
2320001587
2320002136
1000001876
1100001876
2000001876
1100001881
2000001881
2100001881
1000001882
1100001882
2000001882
2100001882
1000001883
1100001883
2000001883
1000001884
1100001884
2000001884
1000001885
1100001885
2000001885
1000001886
1100001886
2000001886
2100001886
1000001887
1100001887
2000001887
2100001887
1100001891
2000001891
2100001891
1000001892
1100001892
2000001892
1000001893
1100001893
2000001893
1000618931
1100618931
2000618931
1000001894
1100001894
2000001894
1000001895
1100001895
2000001895
2100001895
1000001896
1100001896
2000001896
1000001897
1100001897
2000001897
2100001897
1000001898
1100001898
2000001898
2100001898
1000001899
1100001899
2000001899
1100001901
2000001901
1000001902
1100001902
2000001902
1000001903
1100001903
2000001903
1000001904
1100001904
2000001904
1000001905
1100001905
2000001905
1000001906
1100001906
2000001906
1000001907
1100001907
2000001907
2100001907
1000001908
1100001908
2000001908
2100001908
1000001909
1100001909
2000001909
1000619091
1100619091
2000619091
1000109010
1100109010
2000109010
2100109010
1100001911
2000001911
2100001911
1000001912
1100001912
2000001912
1000001913
1100001913
2000001913
1000001914
1100001914
2000001914
1000001915
1100001915
2000001915
1000001916
1100001916
2000001916
2100001916
1000001917
1100001917
2000001917
2100001917
1100001921
2000001921
2100001921
1000001922
1100001922
2000001922
1000001923
1100001923
2000001923
1000001924
1100001924
2000001924
1000001925
1100001925
2000001925
2100001925
1100001931
2000001931
1000001932
1100001932
2000001932
1000001933
1100001933
2000001933
1000619331
1100619331
2000619331
1000001934
1100001934
2000001934
1000001935
1100001935
2000001935
2100001935
1000001936
1100001936
2000001936
1000001937
1100001937
2000001937
2100001937
1100001941
2000001941
2100001941
1000001942
1100001942
2000001942
2100001942
1000001943
1100001943
2000001943
1000001944
1100001944
2000001944
2100001944
1000001945
1100001945
2000001945
2100001945
1000001946
1100001946
2000001946
2100001946
1000001947
1100001947
2000001947
1000619471
1100619471
2000619471
1100001951
2000001951
2100001951
1000001952
1100001952
2000001952
2100001952
1000001953
1100001953
2000001953
2100001953
1000001954
1100001954
2000001954
1000001955
1100001955
2000001955
2100001955
1000001956
1000001957
1100001957
2000001957
1000001958
1100001958
2000001958
2100001958
1100001961
2000001961
2100001961
1000001962
1100001962
2000001962
1000001963
1100001963
2000001963
1000619631
1100619631
2000619631
1000001964
1100001964
2000001964
2100001964
1000001965
1100001965
2000001965
1000001966
1100001966
2000001966
2100001966
1000001967
1100001967
2000001967
2100001967
1000001968
1100001968
2000001968
1000001969
1100001969
1100001971
2000001971
1000001972
1100001972
2000001972
1000001973
1100001973
2000001973
2100001973
1000001974
1100001974
2000001974
1000001975
1100001975
2000001975
2100001975
1000001976
1100001976
2000001976
2100001976
1000001977
1100001977
2000001977
2100001977
1000001978
1100001978
2000001978
1100001981
2000001981
1000001982
1100001982
2000001982
1000001983
1100001983
2000001983
1000001984
1100001984
2000001984
2100001984
1000001985
1100001985
2000001985
1000001986
1000619861
1100619861
1000619862
1100619862
1100001991
2000001991
1000001992
1100001992
2000001992
1000001993
1100001993
2000001993
1000001994
1100001994
2000001994
2100001994
1000001995
1100001995
2000001995
2100001995
1000001996
1100001996
2000001996
1000619961
1100619961
2000619961
1100002001
2000002001
1000002002
1100002002
2000002002
1000002003
1100002003
2000002003
1000002004
1100002004
2000002004
2100002004
1000002005
1100002005
2000002005
2100002005
1000002006
1100002006
2000002006
2100002006
1000002007
1100002007
2000002007
2100002007
1000002008
1100002008
2000002008
1100002011
2000002011
1000002012
1100002012
2000002012
1000002013
1100002013
2000002013
1000002014
2000002014
1000620141
2000620141
1000620142
2000620142
1100002021
2000002021
2100002021
1000002022
1100002022
2000002022
2100002022
1000002023
1100002023
2000002023
1000002024
1100002024
2000002024
2100002024
1000002025
1100002025
2000002025
1000620251
1100620251
2000620251
1000620252
1100620252
2000620252
1000002026
1100002026
2000002026
1100002031
2000002031
1000002032
1100002032
2000002032
1000002033
1100002033
2000002033
1000002034
1100002034
2000002034
1000002035
1100002035
2000002035
1000002036
1100002036
2000002036
2100002036
1000002037
1100002037
2000002037
2100002037
1000002038
1100002038
2000002038
1000002039
1100002039
2000002039
1100002041
2000002041
2100002041
1000002042
1100002042
2000002042
2100002042
1000002043
1100002043
2000002043
2100002043
1100002051
2000002051
2100002051
1000002052
1100002052
2000002052
2100002052
1000002053
1100002053
2000002053
1000002054
1100002054
2000002054
2100002054
1000002055
1100002055
2000002055
2100002055
1000620551
2000620551
2100620551
1000002056
1100002056
2000002056
2100002056
1000002057
1100002057
2000002057
2100002057
1000002058
2000002058
1000002059
1100002061
2000002061
1000002062
1100002062
2000002062
1000002063
1100002063
2000002063
1000002064
1100002064
2000002064
2100002064
1000620641
1100620641
2000620641
2100620641
1000620642
1100620642
2000620642
2100620642
1100002071
2000002071
1000002072
1100002072
2000002072
1000002073
1100002073
2000002073
1000002074
1100002074
2000002074
2100002074
1000002075
1100002075
2000002075
2100002075
1000002076
1100002076
2000002076
2100002076
1000002077
1100002077
2000002077
1100002081
2000002081
1000002082
1100002082
2000002082
1000002083
1100002083
2000002083
2100002083
1000002084
1100002084
2000002084
2100002084
1000002085
1100002085
2000002085
1100002091
2000002091
2100002091
1000002092
1100002092
2000002092
1000002093
1100002093
2000002093
2100002093
1000002094
1100002094
2000002094
2100002094
1000002095
1100002095
2000002095
2100002095
1000002096
2000002096
1000002097
1100002101
2000002101
2100002101
1000002102
1100002102
2000002102
1000002103
1100002103
2000002103
2100002103
1000002104
1100002104
2000002104
2100002104
1000621041
1100621041
2000621041
2100621041
1000002105
1100002105
2000002105
2100002105
1000002106
1100002106
2000002106
1000002107
1100002107
1000621071
1100621071
1100002111
2000002111
1000002112
1100002112
2000002112
1000002113
1100002113
2000002113
2100002113
1000621131
1100621131
2000621131
2100621131
1000002114
1100002114
2000002114
2100002114
1000002115
1100002115
2000002115
2100002115
1000002116
1100002116
2000002116
2100002116
1000002117
1000002118
1100002118
1100002121
2000002121
1000002122
1100002122
2000002122
1000002123
1100002123
2000002123
2100002123
1000002124
1100002124
2000002124
2100002124
1000002125
1100002125
2000002125
2100002125
1000002126
1100002126
2000002126
2100002126
1100002131
2000002131
2100002131
1000002132
1100002132
2000002132
2100002132
1000002133
1100002133
2000002133
1000002134
1100002134
2000002134
2100002134
1000002135
1100002135
2000002135
2100002135
1000621351
1100621351
2000621351
2100621351
1000002136
1100002136
2000002136
2100002136
1000002137
1100002141
2000002141
2100002141
1000002142
1100002142
2000002142
2100002142
1000002143
1100002143
2000002143
2100002143
1000002144
1100002144
2000002144
2100002144
1000621441
1100621441
2000621441
2100621441
1000002145
1100002145
2000002145
1000002146
1100002146
2000002146
1000621451
1100621451
2000621451
1100002151
2000002151
2100002151
1000002152
1100002152
2000002152
2100002152
1000002153
1100002153
2000002153
2100002153
1000002154
1100002154
2000002154
2100002154
1000621541
1100621541
2000621541
2100621541
1000621542
1100621542
2000621542
2100621542
1000002155
1100002155
2000002155
2100002155
1000002156
2000002156
2100002156
1100002161
2000002161
2100002161
1000002162
1100002162
2000002162
1000002163
1100002163
2000002163
2100002163
1000002164
2000002164
1000621641
2000621641
1000002165
2000002165
1000002166
2000002166
1000002167
1100002167
2000002167
2100002167
1000002168
1000002169
2000002169
1100002171
2000002171
2100002171
1000002172
1100002172
2000002172
2100002172
1000002173
1100002173
2000002173
2100002173
1000002174
1100002174
2000002174
2100002174
1000002175
1100002175
2000002175
1000002176
2000002176
1000621761
1100621761
2000621761
1000621762
1100621762
2000621762
1100002181
2000002181
2100002181
1000002182
1100002182
2000002182
2100002182
1000002183
1100002183
2000002183
2100002183
1000002184
1100002184
2000002184
2100002184
1000002185
1100002185
2000002185
2100002185
1000621851
1100621851
2000621851
2100621851
1000621852
1100621852
2000621852
2100621852
1100002191
2000002191
2100002191
1000002192
1100002192
2000002192
2100002192
1000002193
1100002193
2000002193
1000621931
1100621931
2000621931
1000621932
1100621932
2000621932
1000002194
1100002194
2000002194
2100002194
1100002201
2000002201
2100002201
1000413101
1100413101
2000413101
2100413101
1000002202
1100002202
2000002202
1000002203
1100002203
2000002203
2100002203
1000622031
1100622031
2000622031
2100622031
1000622032
1100622032
2000622032
2100622032
1000002204
1100002204
2000002204
1100002211
2000002211
2100002211
1000002212
1100002212
2000002212
2100002212
1000002213
1100002213
2000002213
1000622132
1100622132
2000622132
1000622131
1100622131
2000622131
1000002214
1100002214
1100002221
2000002221
2100002221
1000002222
1100002222
2000002222
2100002222
1000002223
1100002223
2000002223
2100002223
1000622231
1100622231
2000622231
2100622231
1000622232
1100622232
2000622232
2100622232
1000002224
1100002224
2000002224
2100002224
1100002231
2000002231
2100002231
1000002232
1100002232
2000002232
2100002232
1000002233
1100002233
2000002233
1000002234
1100002234
1000622331
1100622331
2000622331
1000622332
1100622332
2000622332
1100002241
2000002241
2100002241
1000002242
1100002242
2000002242
2100002242
1000002243
1100002243
2000002243
1100002251
2000002251
2100002251
1000002252
1100002252
2000002252
2100002252
1000002253
1100002253
2000002253
1000622532
1100622532
2000622532
1000622531
1100622531
2000622531
1000002254
1100002254
1000002255
1100002255
1100002261
2000002261
2100002261
1000002262
1100002262
2000002262
2100002262
1000002263
1100002263
2000002263
1000002264
2000002264
1100002271
2000002271
2100002271
1000002272
1100002272
2000002272
2100002272
1000002273
1100002273
2000002273
1000002281
1100002281
2000002281
2100002281
1000002282
1100002282
2000002282
2100002282
1000002283
1100002283
2000002283
1000002291
1100002291
2000002291
2100002291
1000002292
1100002292
2000002292
2100002292
1000002293
1100002293
2000002293
2100002293
1000002311
1100002311
2000002311
2100002311
1000002321
2000002321
2100002321
1000003991
1100003991
2000003991
2100003991
900002291
100000020
6
1000001011
1000001021
1000001031
1000001041
1000001061
1000001071
1000001051
1000001081
1000001091
1000001101
1000001131
1000001141
1000001151
1000001161
1000001111
1000001121
1000001181
1000001231
1000001241
1000001261
1000001291
1000001201
1000001211
1000001221
1000001251
1000001281
1000001301
1000001331
1000001341
1000001351
1000001311
1000001371
1000001381
1000001391
1000001401
1000001411
1000001421
1000001431
1000001441
1000001461
1000001481
1000001491
1000001511
1000001501
1000001521
1000001541
1000001551
1000001531
1000001561
1000001571
1000001581
1000001591
1000001601
1000001611
1000001631
1000001651
1000001621
1000001661
1000001681
1000001701
1000001671
1000001691
1000001721
1000001731
1000001751
1000001771
1000001781
1000001801
1000001821
1000001791
1000001811
1000001831
1000001851
1000001861
1000001871
1000001881
1000001891
1000001911
1000001921
1000001901
1000001941
1000001951
1000001961
1000001971
1000001981
1000002001
1000001991
1000002011
1000002021
1000002031
1000002041
1000002051
1000002061
1000002071
1000002091
1000002101
1000002111
1000002121
1000002131
1000002141
1000002151
1000002161
1000002171
1000002181
1000002201
1000002211
1000002221
1000002231
1000002241
1000002261
1000002271
1000001191
1000001271
1000001321
1000001361
1000001451
1000001641
1000001711
1000001741
1000001761
1000013085
1000001931
1000002081
1000002191
1000002251
547
520
16
1000100113
400000130
400000999
1000100210
1000001066
1000100610
1000100712
1000001159
1000101510
1000101812
2000100113
2000100210
2000100610
2000101011
2000101099
2000001159
2000101510
2000101713
2000101714
2000101812
2000001209
2000102010
2000102211
2000102511
2000103112
2000001378
2000001388
2000103910
2000001458
2000104610
2000104713
2000001497
2000105612
2000105712
2000106410
2000001696
2000001744
2000001754
2000001838
2000108411
2000001956
2000001969
2000001986
2000619861
2000619862
2000002059
2000002097
2000002107
2000621071
2000002117
2000002118
2000002137
2000002168
2000002214
2000002234
2000002254
2000002255
4013
4063
41
4014
200000042
2322101710
2322001189
2322001298
2322001559
2322105311
2322106110
2322101712
2322001587
2322002136
4064
67000
67001
67002
67003
1200001011
1200001021
1200001041
1200001051
1200001081
1200001091
1200001101
1200001111
1200001121
1200001131
1200001141
1200001171
1200001191
1200001201
1200001211
1200001221
1200001231
1200001241
1200001251
1200001261
1200001271
1200001281
1200001291
1200001301
1200001311
1200001321
1200001331
1200001341
1200001351
1200001361
1200001371
1200001381
1200001391
1200001401
1200001411
1200001421
1200001431
1200001441
1200001451
1200001461
1200001471
1200001481
1200001491
1200001501
1200001511
1200001521
1200001531
1200001541
1200001551
1200001561
1200001571
1200001581
1200001591
1200001601
1200001611
1200001621
1200001631
1200001641
1200001651
1200001661
1200001671
1200001681
1200001691
1200001701
1200001711
1200001721
1200001731
1200001741
1200001751
1200001761
1200001771
1200001781
1200001791
1200001801
1200001811
1200001821
1200001831
1200001841
1200001851
1200001861
1200001871
1200001881
1200001891
1200001901
1200001911
1200001921
1200001931
1200001941
1200001951
1200001961
1200001971
1200001981
1200001991
1200002001
1200002011
1200002021
1200002031
1200002041
1200002051
1200002061
1200002071
1200002081
1200002091
1200002101
1200002111
1200002121
1200002131
1200002141
1200002151
1200002161
1200002171
1200002181
1200002191
1200002201
1200002211
1200002221
1200002231
1200002241
1200002251
1200002261
1200002271
1200002281
1200002291
1200002311
1200003991
1200024061
1200413101
2200001011
2200001071
2200001091
2200001121
2200001161
2200001181
2200001201
2200001211
2200001231
2200001241
2200001251
2200001271
2200001291
2200001301
2200001311
2200001321
2200001361
2200001371
2200001381
2200001391
2200001461
2200001481
2200001511
2200001531
2200001561
2200001601
2200001611
2200001621
2200001691
2200001711
2200001741
2200001751
2200001761
2200001771
2200001791
2200001831
2200001841
2200001871
2200001891
2200001911
2200001921
2200001941
2200001951
2200001961
2200002011
2200002021
2200002041
2200002051
2200002061
2200002091
2200002101
2200002131
2200002141
2200002151
2200002161
2200002171
2200002181
2200002191
2200002201
2200002211
2200002221
2200002231
2200002241
2200002251
2200002261
2200002271
2200002281
2200002291
2200002311
2200002321
2200003991
2200013025
2200013032
2200013033
2200024061
2200413101
1200001012
1200001013
1200001014
1200001015
1200001016
1200001017
1200001018
1200001019
1200100110
1200100111
1200100112
1200100114
1200610121
1261001141
1261001142
2200001013
2200001017
2200001019
2200100111
2200100112
2200100114
2261001141
2261001142
1200001022
1200001023
1200001024
1200001025
1200001026
1200001027
1200001028
1200001029
1200610261
2200001024
2200001026
2200001027
2200001028
2200001029
2200610261
1200001033
1200001034
1200001035
1200001036
1200001037
1200001039
1200610391
2200001037
2200001039
2200610391
1200001042
1200001043
1200001044
1200001045
1200001046
1200001047
1200610441
2200001043
2200001046
2200001047
1200001052
1200001053
1200001054
1200001055
1200001056
1200001057
1200001058
1200001059
1200100510
1200100511
2200001056
2200001059
2200100510
2200100511
1200001063
1200001064
1200001065
1200001067
1200001068
1200001069
1200610631
2200001068
2200001069
1200001073
1200001074
1200001075
1200001076
1200001077
1200001079
1200100710
1200100711
1200610751
2200001074
2200001076
2200100711
2200100712
1200001082
1200001083
1200001084
1200001085
1200001086
1200001087
1200001088
1200001089
1200610851
1200610852
2200001083
2200001087
2200001088
1200001092
1200001093
1200001094
1200001095
1200001096
1200001097
1200001098
1200001099
1200100910
1200610931
2200001098
2200001099
2200100910
1200001102
1200001103
1200001104
1200001105
1200001106
1200001107
1200001108
1200001109
1200101010
1200101099
1200611051
2200001105
2200001107
2200001109
2200101010
2200611051
1200001112
1200001113
1200001114
1200001115
1200001116
2200001115
2200001116
1200001122
1200001123
1200001124
1200001125
1200001126
1200001127
1200001128
1200001129
1200611231
1200611271
2200001122
2200001127
2200001128
2200001129
2200101211
2200611271
1200001132
1200001133
1200001134
1200001135
1200001136
1200001137
1200001138
1200001139
1200101310
1200101311
1200101312
1200611351
2200001133
2200001137
2200001139
2200101310
2200101312
1200001142
1200001143
1200001144
1200001145
1200001146
1200001147
1200001148
1200001149
2200001147
2200001148
2200001149
1200001153
1200001154
1200001155
1200001156
1200001157
1200001158
1200611551
2200001153
2200001154
2200001156
2200001157
2200001158
1200001162
1200001163
1200001164
1200001165
1200001166
1200001167
1200001169
1200101610
1200101611
1200101612
2200001166
2200001167
2200001169
2200101611
2200101612
1200001172
1200001173
1200001174
1200001175
1200001176
1200001177
1200001178
1200001179
1200101710
1200101711
1200101712
1200101713
2200001174
2200001178
2200101711
2200101712
1200001183
1200001184
1200001187
1200001188
1200001189
1200101810
1200101811
1261018101
1261018102
2200001182
2200001184
2200001188
2200101810
2200101811
2261018101
2261018102
1200001192
1200001193
1200001194
1200001195
1200001196
1200611941
2200001195
2200001196
1200001202
1200001203
1200001204
1200001205
1200001206
1200001207
1200001208
1200102010
1200612031
2200001202
2200001203
2200001204
2200001206
2200001207
2200001208
2200612031
1200001212
1200001213
1200001214
1200001215
1200001216
1200001217
1200001218
1200001219
1200102110
1200102111
1200612131
1200612141
2200001214
2200001219
2200102110
2200102111
2200612141
1200001222
1200001223
1200001224
1200001225
1200001226
1200001227
1200001228
1200001229
1200102210
1200102211
1200612261
2200001225
2200001226
2200001227
2200001228
2200102210
2200612261
1200001232
1200001233
1200001234
1200001235
1200001236
1200001237
1200001238
1200612381
1200612382
2200001232
2200001233
2200001234
2200001237
2200001238
2200612381
2200612382
1200001242
1200001243
1200001244
1200001245
1200001246
1200001247
1200001248
1200001249
1200612441
1200612451
2200001248
1200001252
1200001253
1200001254
1200001255
1200001256
1200001257
1200001258
1200001259
1200102510
1200612531
1200612541
1200612542
2200001254
2200001258
2200001259
2200102510
2200612541
2200612542
800000001
800000096
800000112
800000002
800000117
800000003
800000004
800000140
800000079
800000126
800000005
800000006
800000007
800000008
800000095
800000150
800000009
800000106
800000010
800000114
800000104
800000175
800000011
800000148
800000158
800000012
800000161
800000113
800000013
800000082
800000131
800000014
800000081
800000108
800000130
800000015
800000144
800000016
800000152
800000017
800000075
800000141
800000170
800000018
800000128
800000019
800000145
800000077
800000098
800000119
800000151
800000020
800000021
800000099
800000080
800000094
800000022
800000073
800000139
800000166
800000120
800000102
800000023
800000093
800000024
800000092
800000136
800000025
800000026
800000027
800000135
800000028
800000029
800000147
800000129
800000123
800000030
800000031
800000078
800000090
800000032
800000033
800000034
800000035
800000122
800000036
800000037
800000038
800000115
800000039
800000040
800000097
800000146
800000086
800000074
800000041
800000042
800000091
800000124
800000168
800000043
800000103
800000133
800000165
800000044
800000174
800000045
800000083
800000046
800000047
800000076
800000048
800000100
800000138
800000049
800000050
800000051
800000142
800000052
800000084
800000107
800000053
800000054
800000163
800000055
800000056
800000089
800000057
800000155
800000156
800000111
800000154
800000171
800000058
800000164
800000059
800000060
800000153
800000061
800000159
800000132
800000143
800000062
800000101
800000063
800000064
800000065
800000066
800000088
800000067
800000137
800000162
800000069
800000087
800000085
800000121
800000070
800000172
800000160
800000116
800000127
800000071
800000125
800000173
800000157
800000072
800000149
800000167
800000105
800000110
800000118
800000134
800000109
800000169
554
4012
4062
1200001262
1200001263
1200001264
1200612641
1200001265
2200001265
1200612651
2200612651
1200001266
2200001266
1200001267
1200001268
2200001268
1200001269
1200102610
2200102610
1200102611
2200102611
1200102612
2200102612
1200001272
2200001272
1200001273
1200001274
1200612741
1200001275
1200001276
2200001276
1200001277
2200001277
1200001278
2200001278
1200001282
2200001282
1200001283
1200001284
1200001285
1200001286
1200001287
2200001287
1200612871
2200612871
1200001288
2200001288
1200001289
2200001289
1200001292
1200001293
1200612931
1200001294
1200001295
2200001295
1200001296
1200001297
2200001297
1200001298
2200001298
1200001299
2200001299
1200102910
2200102910
1200102911
2200102911
1200001302
1200001303
2200001303
1200613031
2200613031
1200001304
1200001305
1200001306
2200001306
1200001307
2200001307
1200001308
2200001308
1200001312
2200001312
1200001314
1200001315
1200613151
2200001316
1200001317
1200103110
2200103110
1261031101
2261031101
2200103111
1200103112
1200001322
2200001322
2200001324
2200613241
1200001326
1200613261
1200001332
2200001338
1200001348
2200001348
1200613481
2200613481
1200001356
1200613561
1200001362
2200001362
2200001364
1200001372
1200001373
1200613731
1200001382
2200001382
1200001388
1200001392
1200001402
1200001405
2200001405
1200614051
2200614051
1200001413
1200614131
1200001418
2200001418
1200614181
2200614181
1200614182
2200614182
1200001424
1200614241
1200001432
2200001436
2200001438
2200614381
2200614382
1200001442
1200001443
1200614431
1200001454
1200614541
1200001455
1200001458
1200001462
2200001463
1200001465
1200614651
1200001469
2200001469
1200614691
2200614691
1200614692
2200614692
1200104610
1200001472
2200001473
1200104713
1200001482
1200001483
1200614831
2200001493
2200614931
1200001497
1200001505
1200615051
2200001506
2200615061
2200615062
1200001512
2200001512
1200001514
1200615141
1200001516
2200001516
1200615161
2200615161
1200001517
2200001517
1200001518
1200001532
2200001532
1200001534
1200615341
1200001536
2200001536
1200615361
2200615361
1200105312
2200105313
2261053131
1200001542
1200001545
1200615451
2200105410
2261054101
1200001552
1200001555
2200001555
1200615551
2200615551
1200001562
2200001562
1200001563
1200615631
1200001565
2200001565
1200615651
2200615651
1200105612
1200105613
2200105613
1261056131
2261056131
1261056132
2261056132
1200105614
2200105614
1200101562
2200101562
1200001572
1200001573
1200615731
1200105712
1200001582
1200001588
1200615881
1200615882
1200001592
1200001595
1200615951
1200001602
2200001602
1200001603
1200616031
1200001612
2200001612
1200001613
1200616131
1200001622
2200001622
1200001624
1200616241
1200001632
1200106310
1200001642
1200001643
1200616431
1200106410
1200001652
1200001655
1200616551
1200001657
1200616571
2200106511
2261065111
1200001662
1200001682
1200001683
2200001683
1200616831
2200616831
2200001694
2200616941
1200001696
1200001702
1200001704
1200617041
1200001712
1200001715
1200617151
1200001722
1200001723
1200617231
1200001726
2200001726
1200617261
2200617261
1200001732
1200001733
1200617331
1200001742
2200001742
1200001744
1200001745
2200001745
1200617451
2200617451
1200001752
1200001753
1200617531
1200001757
2200001757
1200617571
2200617571
1200617572
2200617572
1200001762
2200001762
1200001766
2200001766
1200617661
2200617661
1200001772
1200001782
1200001784
1200617841
1200001792
1200001793
2200001793
1200617931
2200617931
1200001802
1200001805
2200001805
1200618051
2200618051
1200108011
1200108012
2200108012
1200001812
1200001814
1200618141
1200001819
2200001819
1200618191
2200618191
1200001822
1200001823
1200618231
1200001832
2200001832
1200001842
2200001842
1200001849
1200001852
1200001862
1200001863
1200618631
2200001865
1200001867
2200001867
1200618672
2200618672
1200618671
2200618671
2200001872
1200001873
1200618731
1200001882
1200001892
1200001902
1200001909
2200001909
1200619091
2200619091
1200001912
1200001922
2200001922
1200001932
1200001933
1200619331
1200001937
2200001937
1200001942
2200001942
2200001947
2200619471
1200001952
1200001962
1200001963
2200001963
1200619631
2200619631
1200001969
1200001972
1200001982
1200619861
1200619862
1200001992
2200001994
2200001996
2200619961
1200002002
1200002012
2200002012
1200002022
2200002022
1200002025
1200620251
1200620252
1200002032
1200002052
2200002052
2200002055
2200620551
1200002062
2200002062
1200002063
2200002063
2200002064
2200620641
2200620642
1200002072
1200002082
1200002092
1200002102
1200002104
2200002104
1200621041
2200621041
1200002107
1200621071
2200002113
2200621131
1200002118
1200002122
1200002132
2200002132
1200002135
2200002135
1200621351
2200621351
1200002142
2200002142
2200002144
2200621441
1200002152
2200002152
1200002154
2200002154
1200621541
2200621541
1200621542
2200621542
2200002155
2200002156
1200002162
2200002162
2200002169
1200002172
2200002172
1200002176
1200621761
1200621762
1200002182
2200002182
1200002183
2200002183
1200002185
2200002185
1200621851
2200621851
1200621852
2200621852
1200002192
2200002192
1200002193
1200621931
1200621932
1200002202
1200002203
2200002203
1200622031
2200622031
1200622032
2200622032
1200002212
2200002212
1200002213
2200002213
1200622132
2200622132
1200622131
2200622131
1200002214
1200002222
2200002222
1200002223
2200002223
1200622231
2200622231
1200622232
2200622232
1200002232
2200002232
1200002233
2200002233
1200002234
1200622331
2200622331
1200622332
2200622332
1200002242
2200002242
1200002252
2200002252
1200002253
2200002253
1200622532
2200622532
1200622531
2200622531
1200002254
1200002255
1200002262
2200002262
1200002264
2200002264
1200002272
2200002272
1200002282
1200002292
2200002292
1200002293
2200002293
1200001313
1200001316
1200001318
1200001319
2200001319
1200103111
1200001323
1200001324
1200001325
1200001327
1200001328
1200001329
1200613241
2200001325
2200001327
2200001328
2200001329
1200001333
1200001334
1200001335
1200001336
1200001337
1200001338
1200001339
1200613331
2200001339
1200001342
1200001343
1200001344
1200001345
1200001346
1200001347
1200001349
1200613451
2200001343
2200001346
2200001347
2200001349
1200001352
1200001353
1200001354
1200001355
2200001355
1200001363
1200001364
1200001365
1200001366
1200001367
2200001365
2200001366
2200001367
800000227
1200001374
1200001375
1200001376
1200001377
2200001372
2200001376
2200001377
1200001383
1200001384
1200001385
1200001386
1200001387
2200001383
2200001384
2200001385
2200001386
2200001387
1200001393
1200001394
1200001395
1200001396
1200001397
1200001398
1200001399
1200613951
2200001394
2200001395
2200001397
2200001398
2200001399
2200613951
1200001403
1200001404
1200001406
1200001407
1200001408
1200001409
1200104010
1200104011
2200001406
2200104010
2200104011
1200001412
1200001414
2200001414
1200001415
1200001416
1200001417
2200001417
1200001422
1200001423
1200001425
1200001426
1200001427
1200001428
1200001429
2200001425
2200001428
2200001429
1200001433
1200001434
1200001435
1200001436
1200001437
1200001438
1200614331
1200614381
1200614382
2200001433
2200001434
2200001435
2200001437
2200614331
1200001444
1200001445
1200001446
1200001447
1200001448
2200001447
2200001448
1200001452
1200001453
1200001456
1200001457
2200001455
2200001457
2200001462
1200001463
1200001464
1200001466
2200001466
1200001467
2200001467
1200001468
2200001468
1200001473
1200001474
1200001475
1200001476
1200001477
1200001478
1200001479
1200104710
1200104711
1200104712
2200001476
2200104710
2200104711
2200104712
1200001484
1200001485
1200001486
2200001485
2200001486
1200001492
1200001493
1200001494
1200001495
1200001496
1200614931
2200001492
2200001496
1200001502
1200001503
1200001504
1200001506
1200615061
1200615062
2200001503
2200001504
1200001513
1200001515
2200001515
1200001522
1200001523
1200001524
1200001525
1200001526
1200001527
1200001528
1200001529
1200105210
1200105211
2200001523
2200001528
2200001529
2200105210
2200105211
1200001533
1200001535
1200001537
1200001538
1200001539
1200105310
1200105311
1200105313
1261053131
2200001535
2200105310
2200105311
2200105312
1200001543
1200001544
1200001546
1200001547
1200001548
1200001549
1200105410
1261054101
2200001546
2200001548
2200001549
1200001553
1200001554
1200001556
1200001557
1200001558
1200001559
1200105510
1200105511
2200001558
2200001559
2200105510
2200105511
1200001564
1200001566
2200001566
1200001567
2200001567
1200001568
1200001569
2200001569
1200105610
1200105611
2200105611
1200001574
1200001575
1200001576
1200001577
1200001578
1200001579
1200105710
1200105711
2200001578
2200001579
2200105710
2200105711
1200001583
1200001584
1200001585
1200001586
1200001587
2200001583
2200001584
2200001585
2200001587
2200001588
2200615881
2200615882
1200001593
1200001594
1200001596
1200001597
2200001597
1200001604
1200001605
1200001606
1200001607
1200001608
1200001609
1200106010
1200106011
1261060111
1261060112
2200001604
2200001609
2200106010
1200001614
1200001615
1200001616
1200001617
1200001618
1200001619
1200106110
1200106111
2200001616
2200001618
2200001619
2200106110
2200106111
1200001623
1200001625
1200001626
1200001627
2200001623
2200001625
2200001627
1200001633
1200001634
1200001635
1200001636
1200001637
1200001638
1200001639
1200106311
2200001633
2200001634
2200001637
2200106311
1200001644
1200001645
1200001646
1200001647
1200001648
1200001649
2200001646
2200001647
2200001648
2200001649
1200001653
1200001654
1200001656
1200001658
1200001659
1200106510
1200106511
1200106512
1261065111
2200001654
2200001656
2200001658
2200001659
2200106510
2200106512
1200001663
1200001664
1200001665
1200001666
1200001667
1200001668
1200001669
2200001664
2200001665
2200001666
2200001667
2200001668
2200001669
1200001672
1200001673
1200001674
1200001675
1200001676
1200001677
1200001678
1200001679
2200001674
2200001675
2200001676
2200001677
2200001678
2200001679
1200001684
1200001685
1200001686
1200001687
1200001688
1200001689
1200106810
2200001685
2200001687
2200001689
2200106810
1200001692
1200001693
1200001694
1200001695
1200616941
2200001692
2200001693
2200001695
1200001703
1200001705
1200001706
2200001706
1200001713
1200001714
1200001716
1200001717
1200001718
1200001719
2200001712
2200001717
2200001718
2200001719
1200001724
1200001725
2200001725
1200001734
1200001735
1200001736
1200001737
1200001738
1200001739
2200001737
2200001738
2200001739
2200107310
1200001743
1200001746
2200001746
1200001747
2200001747
1200001755
2200001755
1200001756
2200001756
1200001763
1200001764
1200001765
2200001763
2200001764
2200001765
1200001773
1200001774
1200001776
1200001777
1200001778
2200001773
2200001774
2200001777
2200001778
1200001783
1200001785
1200001786
1200001787
1200001788
2200001785
2200001787
2200001788
1200001794
1200001795
1200001796
1200001797
1200001798
1200001799
1200107910
1200107911
2200001792
2200001798
2200107910
2200107911
1200001803
1200001804
1200001806
1200001807
1200001808
1200001809
1200108010
2200001803
2200001808
2200001809
2200108010
1200001813
1200001815
1200001816
1200001817
1200001818
2200001816
2200001817
2200001818
1200001824
1200001825
1200001826
1200001827
2200001826
2200001827
1200001833
1200001834
1200001835
1200001836
1200001837
2200001836
2200001837
1200001843
1200001844
1200001845
1200001846
1200001847
1200001848
2200001845
2200001846
2200001847
2200001848
2200001849
1200001853
1200001854
1200001855
1200001856
1200001857
1200001858
2200001853
2200001854
2200001856
2200001857
2200001858
1200001864
2200001864
1200001865
1200001866
2200001866
1200001872
1200001874
1200001875
1200001876
2200001875
2200001876
1200001883
1200001884
1200001885
1200001886
1200001887
2200001885
2200001886
2200001887
1200001893
1200001894
1200001895
1200001896
1200001897
1200001898
1200001899
1200618931
2200001895
2200001897
2200001898
2200001899
1200001903
1200001904
1200001905
1200001906
1200001907
1200001908
1200109010
2200001905
2200001907
2200001908
2200109010
1200001913
1200001914
1200001915
1200001916
1200001917
2200001916
2200001917
1200001923
1200001924
1200001925
2200001925
1200001934
1200001935
1200001936
2200001934
2200001935
2200001936
1200001943
1200001944
1200001945
1200001946
1200001947
1200619471
2200001944
2200001945
2200001946
1200001953
1200001954
1200001955
1200001957
1200001958
2200001952
2200001953
2200001955
2200001957
2200001958
1200001964
1200001965
1200001966
1200001967
1200001968
2200001964
2200001966
2200001967
2200001968
1200001973
1200001974
1200001975
1200001976
1200001977
1200001978
2200001973
2200001975
2200001976
2200001977
2200001978
1200001983
1200001984
1200001985
2200001984
2200001985
1200001993
1200001994
1200001995
1200001996
1200619961
2200001995
1200002003
1200002004
1200002005
1200002006
1200002007
1200002008
2200002004
2200002005
2200002006
2200002007
2200002008
1200002013
2200002013
1200002023
1200002024
1200002026
2200002024
2200002026
1200002033
1200002034
1200002035
1200002036
1200002037
1200002038
1200002039
2200002035
2200002036
2200002037
2200002038
2200002039
1200002042
1200002043
2200002042
2200002043
1200002053
1200002054
1200002055
1200002056
1200002057
1200620551
2200002054
2200002056
2200002057
1200002064
1200620641
1200620642
1200002073
1200002074
1200002075
1200002076
1200002077
2200002074
2200002075
2200002076
2200002077
1200002083
1200002084
1200002085
2200002083
2200002084
2200002085
1200002093
1200002094
1200002095
2200002093
2200002094
2200002095
1200002103
2200002103
1200002105
2200002105
1200002106
2200002106
1200002112
1200002113
1200002114
1200002115
1200002116
1200621131
2200002114
2200002115
2200002116
1200002123
1200002124
1200002125
1200002126
2200002123
2200002124
2200002125
2200002126
1200002133
1200002134
1200002136
2200002133
2200002134
2200002136
1200002143
1200002144
1200002145
1200002146
1200621441
1200621451
2200002143
2200002145
2200002146
2200621451
1200002153
2200002153
1200002155
1200002163
1200002167
2200002163
2200002166
2200002167
1200002173
1200002174
1200002175
2200002173
2200002174
2200002175
1200002184
2200002184
1200002194
2200002193
2200002194
2200621931
2200621932
1200002204
2200002204
1200002224
2200002224
1200002243
2200002243
1200002263
2200002263
1200002273
2200002273
1200002283
2200002282
2200002283
2301101710
2301001189
2301001298
2301001559
2301105311
2301106110
2301101712
2301001587
2301002136
2334101710
2334001189
2334001298
2334001559
2334105311
2334106110
2334101712
2334001587
2334002136
2337101710
2337001189
2337001298
2337001559
2337105311
2337106110
2337101712
2337001587
2337002136
2330101710
2330001189
2330001298
2330001559
2330105311
2330106110
2330101712
2330001587
2330002136
2328101710
2328001189
2328001298
2328001559
2328105311
2328106110
2328101712
2328001587
2328002136
4011
4061
303
328
338
368
350
2
20
200000001
200000028
200000030
200000034
200000037
800000068
1100108410
1200108410
2200108410
245
248
283
319
333
353
321
50
65
81
66000
2000001065
1000001171
1000001172
1000001173
1000001174
1000001175
1000001176
1000001177
1000001178
1000001179
2000001177
2000001346
200000020
200000022
1000001471
1000001477
2000001477
1000001841
1000001842
1000001844
1000001843
1000001845
2000001844
1000108410
